Cause of Termination: Error Threshold (0.001) reached for all cases 

Iterations: 1008

Case 0: Target / Calculated 
0.0 0.00540321795978962
0.00392156862745098 0.006806218750815793
0.0 0.005402592537815529
0.0 0.0054006338600577145
0.054901960784313725 0.05476473376559126
0.14901960784313725 0.1489864497196028
0.10980392156862745 0.10975218522109323
0.0 0.00539849963041511
0.00784313725490196 0.008792020228032134
0.0 0.005404228833591601
0.0 0.005402332902397622
0.0 0.005401872084845597
0.0 0.005404490395915983
0.0 0.005399969207582169
0.0 0.005403261802633981
0.043137254901960784 0.04294581940656292
0.0 0.005404395180953765
0.0 0.0054046971085692334
0.0 0.005402256032424246
0.09803921568627451 0.09797827067324213
0.0 0.005403594490422795
0.00784313725490196 0.008790881036667133
0.0 0.0054029069234254445
0.0 0.00540191955510106
0.0 0.005403449546012278
0.0 0.005402682659262751
0.06274509803921569 0.06263183421989124
0.0 0.005401936613932401
0.22745098039215686 0.22743435752541402
0.7333333333333333 0.7333457296438304
0.49019607843137253 0.49019565967613704
0.0 0.005405445733397718
0.1607843137254902 0.1607551296307549
0.0 0.005402337247180959
0.00392156862745098 0.006810453248483484
0.0 0.0054043131380889465
0.0 0.005403763171088122
0.027450980392156862 0.02705846041947348
0.00784313725490196 0.008792289670042006
0.0 0.005403162320343903
0.5490196078431373 0.5490215014454285
0.9490196078431372 0.9491715365122511
0.7411764705882353 0.7411896712020724
0.0 0.0054035927462137805
0.1411764705882353 0.14114057386809759
0.011764705882352941 0.011517581395672034
0.00392156862745098 0.006807234934066634
0.0 0.00540261003410988
0.0 0.00539964067588976
0.07058823529411765 0.07049207840023136
0.0 0.005403224440547965
0.08235294117647059 0.08227522430976177
0.7843137254901961 0.7843321866656414
0.7254901960784313 0.7255018818027713
0.796078431372549 0.796098412545189
0.4823529411764706 0.4823523359160655
0.0 0.005403014454470916
0.17647058823529413 0.1764452523048589
0.0 0.0054046509847175015
0.00392156862745098 0.006807666308809747
0.00784313725490196 0.008790974290585394
0.027450980392156862 0.027059214742555415
0.0 0.005401893716200637
0.4470588235294118 0.44705678583974223
0.8 0.800020718246123
0.0 0.005403189561582156
0.6431372549019608 0.6431434083712878
0.7137254901960784 0.7137362025171514
0.0 0.0054029764901409915
0.19215686274509805 0.19213466047901515
0.0 0.005402789457979255
0.00392156862745098 0.00680891985573682
0.03529411764705882 0.035036324863787584
0.0 0.005403325212164719
0.0 0.0053989188888605285
0.6980392156862745 0.6980487757768497
0.8980392156862745 0.8980965931857736
0.5372549019607843 0.5372563411011955
0.796078431372549 0.7960986194291262
0.8705882352941177 0.8706288088244623
0.0 0.005400662810285597
0.0 0.005404470214387443
0.10196078431372549 0.10190339863301681
0.0 0.0054013325750023765
0.043137254901960784 0.042945018125006874
0.0 0.005401446034234565
0.09411764705882353 0.0940530148033102
0.8549019607843137 0.8549363514377103
0.7803921568627451 0.7804099736686386
0.6980392156862745 0.6980487771064948
0.7568627450980392 0.7568776195002408
0.8745098039215686 0.874552429792626
0.5294117647058824 0.5294129020746899
0.0 0.005402196249867752
0.20392156862745098 0.20390148320311058
0.0 0.005404166454717559
0.027450980392156862 0.027059271906911313
0.0 0.005402472514991554
0.6078431372549019 0.6078474214969897
0.8627450980392157 0.8627822776154619
0.0 0.005402962280768178
0.0 0.005402073842688624
0.0 0.005402785877500472
0.6901960784313725 0.690205138643666
0.8196078431372549 0.8196324542919381
0.0 0.005403540385547429
0.11372549019607843 0.11367615547283927
0.054901960784313725 0.05476544213024339
0.011764705882352941 0.01151280901726381
0.0 0.005403510681908631
0.6352941176470588 0.6352997125885098
0.596078431372549 0.5960823651976506
0.0 0.005402058168247693
0.1568627450980392 0.15683219972586349
0.0 0.00540099291321047
0.44313725490196076 0.44313502800459215
0.7372549019607844 0.7372675980337304
0.24705882352941178 0.24704459255575625
0.0 0.005402163429516025
0.11372549019607843 0.11367636699382558
0.0 0.005405014074073738
0.01568627450980392 0.014984556187947171
0.0 0.0054001652506924505
0.0 0.00539944079592867
0.0784313725490196 0.07834798564506953
0.058823529411764705 0.05869934802978839
0.06666666666666667 0.06656253245448307
0.0 0.005404556122920433
0.0 0.00540237731030624
0.06666666666666667 0.0665625887409306
0.0 0.005402251970894965
0.00392156862745098 0.006808258574885825
0.0 0.005404139885347552
0.00392156862745098 0.006808786541377209
0.0 0.005403962618829227
0.0 0.005400322723037347
0.0 0.005402117178583298
0.0 0.005402233128798621
0.00392156862745098 0.006808739523956096
0.0 0.00540709997665712
0.0 0.005402066076478247
0.0 0.005399913489736686
0.00784313725490196 0.008790443999971106
0.0 0.005402286763926605
Case 0 total error: 9.994867152022114E-4

